H1=Point({0.,0.,0.})
SetColor(H1,Red)
N1=Point({5.3,0.,0.})
SetColor(N1,Red)
N1s=Sphere(N1,                                                                \
                                                                              \
                                                                              \
          2
5 Sqrt[3] Sqrt[TransformationFunction[{{0.318959, 0., -0.947768, 0.}, {0., \
1., 0., 0.}, {0.947768, 0., 0.318959, 0.}, {0., 0., 0., \
1.}}][TransformationFunction[{{1, 0, 0, 0}, {0, 0, 1, 0}, {0, -1, 0, 0}, {0, \
0, 0, 1}}][xx$183493]] ])
SetColor(N1s,Orange)
O1=Point({7.23226,0.,5.74158})
SetColor(O1,Red)
O1e1=Point({5. (1.06 + TransformationFunction[{{0.318959, 0., -0.947768, 0.}, \
{0., 1., 0., 0.}, {0.947768, 0., 0.318959, 0.}, {0., 0., 0., \
1.}}][TransformationFunction[{{1., 0., 0., 0.}, {0., 0., -1., 0.}, {0., 1., \
0., 0.}, {0., 0., 0., 1.}}][xx$183493]]),5. \
TransformationFunction[{{0.318959, 0., -0.947768, 0.}, {0., 1., 0., 0.}, \
{0.947768, 0., 0.318959, 0.}, {0., 0., 0., 1.}}][TransformationFunction[{{1., \
0., 0., 0.}, {0., 0., -1., 0.}, {0., 1., 0., 0.}, {0., 0., 0., \
1.}}][xx$183493]],5. TransformationFunction[{{0.318959, 0., -0.947768, 0.}, \
{0., 1., 0., 0.}, {0.947768, 0., 0.318959, 0.}, {0., 0., 0., \
1.}}][TransformationFunction[{{1., 0., 0., 0.}, {0., 0., -1., 0.}, {0., 1., \
0., 0.}, {0., 0., 0., 1.}}][xx$183493]]})
SetColor(O1e1,Black)
O1e2=Point({5. (1.06 + TransformationFunction[{{0.318959, 0., -0.947768, 0.}, \
{0., 1., 0., 0.}, {0.947768, 0., 0.318959, 0.}, {0., 0., 0., \
1.}}][TransformationFunction[{{1., 0., 0., 0.}, {0., 0., 1., 0.}, {0., -1., \
0., 0.}, {0., 0., 0., 1.}}][xx$183493]]),5. \
TransformationFunction[{{0.318959, 0., -0.947768, 0.}, {0., 1., 0., 0.}, \
{0.947768, 0., 0.318959, 0.}, {0., 0., 0., 1.}}][TransformationFunction[{{1., \
0., 0., 0.}, {0., 0., 1., 0.}, {0., -1., 0., 0.}, {0., 0., 0., \
1.}}][xx$183493]],5. TransformationFunction[{{0.318959, 0., -0.947768, 0.}, \
{0., 1., 0., 0.}, {0.947768, 0., 0.318959, 0.}, {0., 0., 0., \
1.}}][TransformationFunction[{{1., 0., 0., 0.}, {0., 0., 1., 0.}, {0., -1., \
0., 0.}, {0., 0., 0., 1.}}][xx$183493]]})
SetColor(O1e2,Black)
O1s=Sphere(O1,                                                                \
                                                                              \
                                                                              \
                                                                              \
                                                                              \
                                                                              \
           2
8.66025 Sqrt[0.489325 - 1.02318 TransformationFunction[{{0.318959, 0., \
-0.947768, 0.}, {0., 1., 0., 0.}, {0.947768, 0., 0.318959, 0.}, {0., 0., 0., \
1.}}][TransformationFunction[{{1, 0, 0, 0}, {0, 0, 1, 0}, {0, -1, 0, 0}, {0, \
0, 0, 1}}][xx$183493]] + TransformationFunction[{{0.318959, 0., -0.947768, \
0.}, {0., 1., 0., 0.}, {0.947768, 0., 0.318959, 0.}, {0., 0., 0., \
1.}}][TransformationFunction[{{1, 0, 0, 0}, {0, 0, 1, 0}, {0, -1, 0, 0}, {0, \
0, 0, 1}}][xx$183493]] ])
SetColor(O1s,Cyan)
